PIC_SF_3_VERT	2400	1920	1280	1920	160	1920	2400	1657	1280	1657	160	1657	2400	1394	1280	1394	160	1394	2400	1131	1280	1131	160	1131	2400	868	1280	868	160	868	2400	605	1280	605	160	605	2400	342	1280	342	160	342	2400	80	1280	80	160	80
MED_SF_2_VERT	2080	1920	0	1920	2080	1645	0	1645	2080	1371	0	1371	2080	1097	0	1097	2080	822	0	822	2080	548	0	548	2080	274	0	274	2080	0	0	0
MED_SF_1_VERT	560	1920	560	1645	560	1371	560	1097	560	822	560	548	560	274	560	0
MED_SF_1_ORIZ	2080	960	1782	960	1485	960	1188	960	891	960	594	960	297	960	0	960
MED_ROSA_CENTR	0	960	281	281	960	0	1638	281	1920	960	1638	1638	960	1920	281	1638
PIC_SF_1_VERT	1200	1920	1200	1657	1200	1394	1200	1131	1200	868	1200	605	1200	342	1200	80
PIC_SF_2_VERT	1760	1920	320	1920	1760	1657	320	1657	1760	1394	320	1394	1760	1131	320	1131	1760	868	320	868	1760	605	320	605	1760	342	320	342	1760	80	320	80
PIC_SF_1_ORIZ	3040	640	2605	640	2171	640	1737	640	1302	640	868	640	434	640	0	640
GRA_SF_1_VERT	0	1920	0	1760	0	1600	0	1440	0	1280	0	1120	0	960	0	800
GRA_ROSA_CENTR	16	1200	180	804	576	640	971	804	1136	1200	971	1595	576	1760	180	1595
GRA_RET_SF_1_VERT	16	1920	16	1760	16	1600	16	1440	16	1280	16	1120	16	960	16	800
PIC_SF_2_ORIZ	3040	1920	2605	1920	2171	1920	1737	1920	1302	1920	868	1920	434	1920	0	1920	3040	560	2605	560	2171	560	1737	560	1302	560	868	560	434	560	0	560
PERS_SF_2_VERT	1760	1920	320	1920	1760	1657	320	1657	1760	1394	320	1394	1760	1131	320	1131	1760	868	320	868	1760	605	320	605	1760	342	320	342	1760	80	320	80
RET_PIG_1	0	960
PIC_PIG_1_CENTR	1120	640
MED_PIG_2_VERT	560	0	560	1920
MED_PIG_2_ORIZ	1920	960	0	960
PIC_PIG_2_ORIZ	2080	640	320	640
GRA_PIG_1	80	720
MED_PIG_1_CENTR	480	960
PIC_PIG_4_CENTR	320	480	2080	480	320	1760	2080	1760
PIC_PIG_2_VERT	1200	480	1200	1760
PIC_ROSA_CENTR	240	960	368	480	720	128	1200	0	1680	128	2031	480	2160	960	2031	1440	1680	1791	1200	1920	720	1791	368	1440
